8.076171875000000000e-01
7.978515625000000000e-01
7.900390625000000000e-01
7.753906250000000000e-01
7.392578125000000000e-01
6.777343750000000000e-01
6.455078125000000000e-01
5.810546875000000000e-01
5.156250000000000000e-01
7.958984375000000000e-01
7.871093750000000000e-01
7.822265625000000000e-01
7.607421875000000000e-01
7.177734375000000000e-01
6.572265625000000000e-01
6.240234375000000000e-01
5.576171875000000000e-01
5.048828125000000000e-01
7.890625000000000000e-01
7.841796875000000000e-01
7.792968750000000000e-01
7.548828125000000000e-01
7.099609375000000000e-01
6.503906250000000000e-01
6.201171875000000000e-01
5.507812500000000000e-01
4.941406250000000000e-01
